the final model accuracy is: 0.885286783042394
              precision    recall  f1-score   support

           0       1.00      0.89      0.94        47
           1       0.99      1.00      0.99        84
           2       0.78      0.99      0.87        72
           3       0.83      0.71      0.77        14
           4       0.00      0.00      0.00        18
           5       0.86      0.91      0.88        46
           6       1.00      1.00      1.00        83
           8       0.57      0.80      0.67         5
           9       0.50      1.00      0.67         8
          10       0.44      0.50      0.47         8
          11       1.00      0.43      0.60         7
          12       1.00      0.50      0.67         2
          13       1.00      0.75      0.86         4
          15       0.00      0.00      0.00         1
          18       0.00      0.00      0.00         1
          20       0.00      0.00      0.00         1

    accuracy                           0.89       401
   macro avg       0.62      0.59      0.59       401
weighted avg       0.86      0.89      0.86       401

{'PRON': 0, 'PART': 1, 'VERB': 2, 'ADV': 3, 'AUX': 4, 'NOUN': 5, 'PUNCT': 6, 
'SUFN': 7, 'CCONJ': 8, 'DET': 9, 'ADJ': 10, 'INTJ': 11, 'NUM': 12, 'PROPN': 13, 
'SUFV': 14, 'ADP': 15, 'X': 16, 'SCONJ': 17, 'PINT': 18, 'SYM': 19, 'VERB_AUX': 20}